Zlib header
28 00101000 CMF

53 01010011 FLG

DEFLATE
63 01100011
64 01100100
F8 11111000
0F 00001111
84 10000100
40 01000000
20 00100000
07 00000111
C4 11000100
0E 00001110
48 01001000
58 01011000
11 00010001
88 10001000
41 01000001
80 10000000
09 00001001
4A 01001010
E3 11100011
04 00000100
4C 01001100
0C 00001100
0F 00001111
80 10000000
24 00100100
1E 00011110
CC 11001100
C8 11001000
30 00110000
1F 00011111
BF 10111111
15 00010101
8C 10001100
0C 00001100
F1 11110001
84 10000100
14 00010100
C8 11001000
13 00010011
72 01110010
E4 11100100
43 01000011
20 00100000
89 10001001
07 00000111
13 00010011
F0 11110000
05 00000101
03 00000011
03 00000011
00 00000000
D7 11010111
00 00000000
18 00011000
29 00101001

Base64
KFNjZPgPhEAgB8QOSFgRiEGACUrjBEwMD4AkHszIMB+/FYwM8YQUyBNy5EMgiQcT8AUDAwDXABgp

Adler-32
????????

Bits
001010000101001101100011011001001111100000001111100001000100000000100000000001111100010000001110010010000101100000010001100010000100000110000000000010010100101011100011000001000100110000001100000011111000000000100100000111101100110011001000001100000001111110111111000101011000110000001100111100011000010000010100110010000001001101110010111001000100001100100000100010010000011100010011111100000000010100000011000000110000000011010111000000000001100000101001

01100D
Expected decompressed bytes (264 data, 285 total, 292 written?)
01 00 C3 BF 00 C3 BF 00 00 00 00 1E 00 00 00 40 00 00 00 40 00 00 00 40 00 00 00 21 00 00 00 00 00 00 00 02 00 00 00 00 00 00 00 00 00 00 00 00 00 00 00 00 00 00 00 00 00 00 00 00 00 00 00 00 00 00 00 00 02 00 C3 A0 00 00 00 C3 A0 00 00 00 C3 A0 00 00 00 C3 A0 00 00 00 C3 A0 00 00 00 C3 A0 00 00 00 C3 A0 00 00 00 C3 A0 00 00 01 00 C2 9F 00 C3 BF 00 00 00 00 1E 00 00 00 40 00 00 00 40 00 00 00 40 00 00 00 21 00 00 00 00 00 00 00 01 00 5F 00 C3 BF 00 00 00 00 1E 00 00 00 40 00 00 00 40 00 00 00 40 00 00 00 21 00 00 00 00 00 00 00 01 00 1F 00 C3 BF 00 00 00 00 1E 00 00 00 40 00 00 00 40 00 00 00 40 00 00 00 21 00 00 00 00 00 00 00 02 00 C3 A1 00 00 00 C3 A1 00 00 00 C3 A1 00 00 00 C3 A1 00 00 00 C3 A1 00 00 00 C3 A1 00 00 00 C3 A1 00 00 00 C3 A1 00 00 02 00 00 00 00 00 00 00 00 00 00 00 00 00 00 00 00 00 00 00 00 00 00 00 00 00 00 00 00 00 00 00 00